both
  slave
    MAX: 502937.58070203994ms
    MEAN: 253378.924975ms
    MEDIAN: 253379.83629ms
  master
    MAX: 503541.13810221356ms
    MEAN: 253990.727974ms
    MEDIAN: 253992.068956ms
diff
  diff
    MAX: 624.9431694878472ms
    MEAN: 611.802999132ms
    MEDIAN: 611.078491211ms
