both
  slave
    MAX: 503142.955593533ms
    MEAN: 253085.333686ms
    MEDIAN: 252754.876099ms
  master
    MAX: 502227.04060872394ms
    MEAN: 252495.825941ms
    MEDIAN: 252490.528768ms
diff
  diff
    MAX: 933.6351182725693ms
    MEAN: 590.919460992ms
    MEDIAN: 597.560424805ms
