both
  master
    MAX: 503665.55745442706ms
    MEAN: 254019.676272ms
    MEDIAN: 254020.632731ms
  slave
    MAX: 504562.0827907986ms
    MEAN: 191913.292926ms
    MEDIAN: 172927.996623ms
diff
  diff
    MAX: 503665.55745442706ms
    MEAN: 155670.775001ms
    MEDIAN: 81917.2469754ms
