both
  slave
    MAX: 504745.8416069878ms
    MEAN: 190524.69256ms
    MEDIAN: 170320.585938ms
  master
    MAX: 504374.5704481337ms
    MEAN: 254813.628877ms
    MEDIAN: 254812.7889ms
diff
  diff
    MAX: 504374.5704481337ms
    MEAN: 159922.030855ms
    MEDIAN: 85704.6759033ms
