both
  master
    MAX: 507347.33154296875ms
    MEAN: 257805.067272ms
    MEDIAN: 257803.292847ms
  slave
    MAX: 507530.67762586806ms
    MEAN: 257990.195813ms
    MEDIAN: 257991.466404ms
diff
  diff
    MAX: 189.39385308159723ms
    MEAN: 185.128540853ms
    MEDIAN: 184.483371311ms
